>N17;+;B.sub;0.0005;TTGACAN17TATAAT
A  [2	11	3	86	15	28	29	29	29	29	29	29	29	29	29	29	29	29	29	29	29	29	29	6	171	54	135	138	4   ]
C  [2	5	0	0	71	4	29	29	29	29	29	29	29	29	29	29	29	29	29	29	29	29	29	12	0	46	3	15	0   ]
G  [0	6	57	0	0	9	29	29	29	29	29	29	29	29	29	29	29	29	29	29	29	29	29	7	0	19	17	10	2   ]
T  [82	64	26	0	0	45	29	29	29	29	29	29	29	29	29	29	29	29	29	29	29	29	29	147	1	53	17	9	166 ]
>N18;+;B.sub;0.0005;TTGACAN18TATAAT
A  [2	11	3	86	15	28	29	29	29	29	29	29	29	29	29	29	29	29	29	29	29	29	29	29	6	171	54	135	138	4   ]
C  [2	5	0	0	71	4	29	29	29	29	29	29	29	29	29	29	29	29	29	29	29	29	29	29	12	0	46	3	15	0   ]
G  [0	6	57	0	0	9	29	29	29	29	29	29	29	29	29	29	29	29	29	29	29	29	29	29	7	0	19	17	10	2   ]
T  [82	64	26	0	0	45	29	29	29	29	29	29	29	29	29	29	29	29	29	29	29	29	29	29	147	1	53	17	9	166 ]
>N16;+;B.sub;0.0005;TTGACAN16TATAAT
A  [2	11	3	86	15	28	29	29	29	29	29	29	29	29	29	29	29	29	29	29	29	29	6	171	54	135	138	4   ]
C  [2	5	0	0	71	4	29	29	29	29	29	29	29	29	29	29	29	29	29	29	29	29	12	0	46	3	15	0   ]
G  [0	6	57	0	0	9	29	29	29	29	29	29	29	29	29	29	29	29	29	29	29	29	7	0	19	17	10	2   ]
T  [82	64	26	0	0	45	29	29	29	29	29	29	29	29	29	29	29	29	29	29	29	29	147	1	53	17	9	166 ]
>N17b;-;B.sub;0.0005;TTGACAN17TATAAT lower strand																														
A  [166	9	17	53	1	147	29	29	29	29	29	29	29	29	29	29	29	29	29	29	29	29	29	45	0	0	26	64	82]
C  [2	10	17	19	0	7	29	29	29	29	29	29	29	29	29	29	29	29	29	29	29	29	29	9	0	0	57	6	0]
G  [0	15	3	46	0	12	29	29	29	29	29	29	29	29	29	29	29	29	29	29	29	29	29	4	71	0	0	5	2]
T  [4	138	135	54	171	6	29	29	29	29	29	29	29	29	29	29	29	29	29	29	29	29	29	28	15	86	3	11	2]
>N18b;-;B.sub;0.0005;TTGACAN18TATAAT lower strand																														
A  [166	9	17	53	1	147	29	29	29	29	29	29	29	29	29	29	29	29	29	29	29	29	29	29	45	0	0	26	64	82]
C  [2	10	17	19	0	7	29	29	29	29	29	29	29	29	29	29	29	29	29	29	29	29	29	29	9	0	0	57	6	0]
G  [0	15	3	46	0	12	29	29	29	29	29	29	29	29	29	29	29	29	29	29	29	29	29	29	4	71	0	0	5	2]
T  [4	138	135	54	171	6	29	29	29	29	29	29	29	29	29	29	29	29	29	29	29	29	29	29	28	15	86	3	11	2]
>N16b;-;B.sub;0.0005;TTGACAN16TATAAT lower strand																														
A  [166	9	17	53	1	147	29	29	29	29	29	29	29	29	29	29	29	29	29	29	29	29	45	0	0	26	64	82]
C  [2	10	17	19	0	7	29	29	29	29	29	29	29	29	29	29	29	29	29	29	29	29	9	0	0	57	6	0]
G  [0	15	3	46	0	12	29	29	29	29	29	29	29	29	29	29	29	29	29	29	29	29	4	71	0	0	5	2]
T  [4	138	135	54	171	6	29	29	29	29	29	29	29	29	29	29	29	29	29	29	29	29	28	15	86	3	11	2]